  -3.6510934089371752     
  -3.1284190638445857     
  -3.1284190638445835     
  -3.1284190638445724     
  -2.6996281482753157     
  -2.4587385088948395     
  -2.4587385088948337     
  -2.4587385088948328     
  -2.4587385088948297     
  -2.4587385088948279     
  -2.4587385088948266     
  -2.1451483739207222     
  -2.1451483739207218     
  -2.1451483739207209     
  -2.1451483739207182     
  -2.1451483739207160     
  -2.1451483739207147     
  -1.8546376797184609     
  -1.8546376797184607     
  -1.8546376797184601     
  -1.8546376797184598     
  -1.8546376797184589     
  -1.8546376797184581     
  -1.8019377358048387     
  -1.8019377358048374     
  -1.8019377358048374     
  -1.8019377358048365     
  -1.8019377358048323     
  -1.7071067811865503     
  -1.7071067811865492     
  -1.6180339887498949     
  -1.6180339887498938     
  -1.2670350983613692     
  -1.2670350983613670     
  -1.2670350983613661     
  -1.2670350983613659     
  -1.2670350983613654     
  -1.2670350983613650     
  -1.2670350983613634     
  -1.2670350983613627     
  -1.2670350983613619     
  -1.2670350983613614     
  -1.2016396757234056     
  -1.2016396757234056     
  -1.2016396757234054     
  -1.1441228056353714     
  -1.1441228056353703     
  -1.1441228056353698     
  -1.1441228056353696     
  -1.1441228056353685     
  -1.1441228056353674     
  -1.1441228056353669     
  -1.1441228056353665     
  -1.1441228056353663     
  -1.1441228056353652     
  -1.0000000000000007     
  -1.0000000000000000     
 -0.99999999999999500     
 -0.85892354971025997     
 -0.85892354971025942     
 -0.85892354971025853     
 -0.85892354971025842     
 -0.85892354971025786     
 -0.85892354971025786     
 -0.76087672174344545     
 -0.72610944503578001     
 -0.62837842688306345     
 -0.62837842688306245     
 -0.62837842688306167     
 -0.62837842688306111     
 -0.62837842688306011     
 -0.62837842688305523     
 -0.59696828323731799     
 -0.59696828323731610     
 -0.59696828323731588     
 -0.59696828323731421     
 -0.59696828323731332     
 -0.59696828323731277     
 -0.51268320306387816     
 -0.51268320306387727     
 -0.51268320306387460     
 -0.51268320306387438     
 -0.51268320306387327     
 -0.51268320306387283     
 -0.44504186791263162     
 -0.44504186791263051     
 -0.44504186791262984     
 -0.44504186791262923     
 -0.44504186791262723     
 -0.43701602444882315     
 -0.43701602444882226     
 -0.43701602444882220     
 -0.43701602444882215     
 -0.43701602444882215     
 -0.43701602444882082     
 -0.43701602444882071     
 -0.43701602444882059     
 -0.43701602444882026     
 -0.43701602444882015     
 -0.29289321881345171     
 -0.29289321881345021     
 -0.25865202250415548     
 -0.25865202250415492     
 -0.25865202250415475     
 -0.25865202250415475     
 -0.25865202250415376     
 -0.25865202250415220     
 -0.25865202250415215     
 -0.25865202250415198     
 -0.25865202250415187     
 -0.25865202250415181     
  -1.8627177804218596E-015
  -1.7207132068907788E-015
  -8.9275104496882872E-016
  -7.2118757484978228E-016
  -4.6004642048427580E-016
  -4.4106006690459865E-016
  -4.1822204128610567E-016
  -2.9809283968914755E-016
  -9.8891842921857844E-017
   3.5418647488955252E-017
   8.9757782561270551E-017
   9.5132417137780021E-017
   1.8683021103235506E-016
   3.0661647770495719E-016
   3.8865309713285408E-016
   4.2629127338153317E-016
   4.9996491894724959E-016
   7.5896907578555297E-016
   8.1799120399848555E-016
   1.2329253759668756E-015
   1.3341822352603883E-015
   1.9084687234247448E-015
   2.9673294712369313E-015
  0.26545271157549610     
  0.26545271157549644     
  0.26545271157549644     
  0.26545271157549677     
  0.26545271157549682     
  0.26545271157549738     
  0.29289321881345109     
  0.29289321881345132     
  0.29289321881345204     
  0.29289321881345221     
  0.29289321881345221     
  0.29289321881345232     
  0.29289321881345259     
  0.29289321881345276     
  0.29289321881345287     
  0.29289321881345348     
  0.29289321881345370     
  0.29289321881345387     
  0.29289321881345481     
  0.29289321881345581     
  0.37720285397295711     
  0.43701602444881965     
  0.43701602444881982     
  0.43701602444882037     
  0.43701602444882048     
  0.43701602444882115     
  0.43701602444882137     
  0.43701602444882165     
  0.43701602444882204     
  0.43701602444882204     
  0.43701602444882326     
  0.45160596295577321     
  0.45160596295577515     
  0.45160596295577582     
  0.45160596295577593     
  0.45160596295577610     
  0.45160596295577909     
  0.61803398874989379     
  0.61803398874989524     
  0.89269335765522029     
  0.89269335765522073     
  0.89269335765522129     
  0.89269335765522240     
  0.89269335765522329     
  0.89269335765522351     
  0.99999999999999356     
  0.99999999999999700     
  0.99999999999999734     
  0.99999999999999745     
  0.99999999999999833     
  0.99999999999999845     
  0.99999999999999856     
  0.99999999999999900     
  0.99999999999999922     
  0.99999999999999944     
  0.99999999999999956     
  0.99999999999999989     
   1.0000000000000002     
   1.0000000000000002     
   1.0000000000000002     
   1.0000000000000002     
   1.0000000000000002     
   1.0000000000000004     
   1.0000000000000022     
   1.1441228056353627     
   1.1441228056353663     
   1.1441228056353665     
   1.1441228056353674     
   1.1441228056353676     
   1.1441228056353678     
   1.1441228056353678     
   1.1441228056353685     
   1.1441228056353687     
   1.1441228056353696     
   1.2469796037174621     
   1.2469796037174645     
   1.2469796037174667     
   1.2469796037174683     
   1.2469796037174725     
   1.3300587395679777     
   1.3300587395679833     
   1.3300587395679850     
   1.4457259932420254     
   1.4457259932420263     
   1.4457259932420279     
   1.4457259932420286     
   1.4457259932420305     
   1.4457259932420328     
   1.4605048700187586     
   1.5256871208655147     
   1.5256871208655149     
   1.5256871208655169     
   1.5256871208655176     
   1.5256871208655176     
   1.5256871208655187     
   1.5256871208655212     
   1.5256871208655214     
   1.5256871208655225     
   1.5256871208655232     
   1.7071067811865417     
   1.7071067811865439     
   1.7071067811865444     
   1.7071067811865450     
   1.7071067811865450     
   1.7071067811865450     
   1.7071067811865459     
   1.7071067811865464     
   1.7071067811865475     
   1.7071067811865481     
   1.7071067811865495     
   1.7071067811865495     
   1.7071067811865503     
   1.7071067811865508     
   1.9999999999999951     
   1.9999999999999962     
   1.9999999999999969     
   1.9999999999999982     
   1.9999999999999993     
   2.0000000000000000     
   2.0000000000000000     
   2.0000000000000027     
   2.0000000000000031     
