   3.3464611722087758E-017
   1.9999999999999973     
   2.0000000000000049     
   1.9999999999999929     
   3.5141420624836859E-017
   2.0000000000000000     
   2.0000000000000018     
   1.9999999999999840     
   2.0000000000000009     
   1.9999999999999980     
   1.9999999999999998     
   2.0000000000000018     
   2.0000000000000036     
   1.9999999999999998     
   2.0000000000000027     
   1.9999999999999991     
   1.9999999999999982     
   1.9999999999999987     
   1.9999999999999982     
   1.9999999999999938     
   2.0000000000000000     
   1.9999999999999925     
   1.9999999999999993     
   6.0000000000000284     
   5.9999999999999805     
   5.9999999999999991     
   6.0000000000000000     
   5.9999999999999627     
  -4.9461442898575380E-017
   4.4735480735627820E-017
   5.5858046165041780E-017
   8.7887505696578418E-017
   5.9999999999999982     
   5.9999999999999929     
   6.0000000000000080     
   5.9999999999999964     
   6.0000000000000142     
   5.9999999999999956     
   6.0000000000000151     
   5.9999999999999876     
   5.9999999999999920     
   6.0000000000000124     
   2.0000000000000000     
   1.9999999999999927     
   1.9999999999999971     
   6.0000000000000160     
   6.0000000000000018     
   6.0000000000000098     
   5.9999999999999964     
   6.0000000000000098     
   6.0000000000000036     
   5.9999999999999964     
   6.0000000000000009     
   5.9999999999999947     
   5.9999999999999982     
   2.0000000000000027     
   1.9999999999999918     
   1.9999999999999942     
   2.0000000000000022     
   2.0000000000000022     
   1.9999999999999984     
   2.0000000000000044     
   2.0000000000000009     
   2.0000000000000027     
  -5.8477292829471243E-017
   5.9103553856955601E-018
   2.0000000000000013     
   2.0000000000000027     
   2.0000000000000004     
   1.9999999999999973     
   1.9999999999999940     
   2.0000000000000036     
   2.0000000000000027     
   2.0000000000000040     
   1.9999999999999949     
   2.0000000000000053     
   2.0000000000000009     
   1.9999999999999991     
   2.0000000000000036     
   2.0000000000000009     
   1.9999999999999936     
   2.0000000000000027     
   1.9999999999999993     
   1.9999999999999989     
   6.0000000000000107     
   5.9999999999999734     
   5.9999999999999973     
   6.0000000000000062     
   6.0000000000000009     
   5.9999999999999964     
   6.0000000000000160     
   5.9999999999999991     
   5.9999999999999858     
   5.9999999999999947     
   6.0000000000000080     
   5.9999999999999938     
   5.9999999999999982     
   5.9999999999999964     
   5.9999999999999929     
   8.3540425781725012E-017
   7.6289055230231496E-017
   5.9999999999999929     
   6.0000000000000107     
   6.0000000000000027     
   6.0000000000000044     
   5.9999999999999973     
   5.9999999999999947     
   6.0000000000000000     
   6.0000000000000018     
   6.0000000000000000     
   6.0000000000000027     
   7.4233945639755321     
   6.4598939866216529     
   6.3616625722758133     
   6.7473171636782148     
   6.9188038234138318     
   7.5096952980426384     
   6.3136276138413745     
   6.2990296552852882     
   4.2031047861181188     
   8.0260273442468559     
   7.3746588664281418     
   11.886056742958786     
   8.3772338776373765     
   6.0357614625186553     
   7.8785067251320129     
   4.2765899174636424     
   7.1641321663134985     
   8.0691939244350976     
   7.0347451455476655     
   4.8690541657363617     
   4.6111689070520727     
   5.8664512893651324     
   6.2938900019122075     
   1.9999999999999956     
   1.9999999999999944     
   1.9999999999999953     
   2.0000000000000009     
   1.9999999999999993     
   1.9999999999999958     
   11.999999999999972     
   12.000000000000004     
   12.000000000000027     
   11.999999999999995     
   11.999999999999972     
   11.999999999999964     
   11.999999999999991     
   11.999999999999984     
   11.999999999999968     
   12.000000000000011     
   11.999999999999995     
   11.999999999999972     
   12.000000000000027     
   11.999999999999996     
   2.6242160930245304E-017
   5.9999999999999947     
   5.9999999999999964     
   6.0000000000000000     
   5.9999999999999956     
   5.9999999999999956     
   5.9999999999999938     
   5.9999999999999902     
   6.0000000000000071     
   5.9999999999999911     
   5.9999999999999964     
   1.9999999999999982     
   1.9999999999999982     
   1.9999999999999996     
   1.9999999999999967     
   2.0000000000000004     
   1.9999999999999953     
   8.1963800027250126E-017
   8.7439053699749087E-017
   1.9999999999999956     
   2.0000000000000036     
   1.9999999999999996     
   2.0000000000000009     
   1.9999999999999998     
   2.0000000000000036     
   11.943756487312942     
   11.349711120524908     
   9.7482034404327020     
   11.591483506031896     
   8.5234935740717894     
   11.762200443674057     
   11.329275553982377     
   11.473105248206998     
   10.210328487034111     
   9.5926351599315076     
   10.348049104880328     
   8.8010500836248085     
   10.604387315476862     
   11.001153687198645     
   9.7663578444567456     
   10.545612349754347     
   11.698301667031712     
   9.0244128486048911     
   8.6864820777682876     
   5.9999999999999787     
   5.9999999999999911     
   5.9999999999999964     
   5.9999999999999938     
   5.9999999999999876     
   5.9999999999999982     
   5.9999999999999858     
   5.9999999999999831     
   6.0000000000000027     
   6.0000000000000062     
   6.0000000000000107     
   6.0000000000000195     
   5.9999999999999947     
   6.0000000000000000     
   6.0000000000000098     
   2.0000000000000049     
   2.0000000000000036     
   2.0000000000000044     
   2.0000000000000022     
   2.0000000000000022     
   2.0000000000000009     
   1.9999999999999936     
   2.0000000000000053     
   2.0000000000000027     
   1.2706908747306797E-016
   5.9999999999999858     
   5.9999999999999822     
   6.0000000000000142     
   5.9999999999999947     
   6.0000000000000000     
   5.9999999999999991     
   6.0000000000000195     
   6.0000000000000142     
   5.9999999999999938     
   6.0000000000000142     
   12.000000000000025     
   11.999999999999972     
   11.999999999999979     
   12.000000000000014     
   12.000000000000018     
   11.999999999999998     
   11.999999999999996     
   11.999999999999989     
   11.999999999999972     
   11.999999999999973     
   11.999999999999998     
   11.999999999999996     
   12.000000000000014     
   11.999999999999989     
   20.000000000000021     
   20.000000000000014     
   19.999999999999947     
   20.000000000000007     
   20.000000000000071     
   20.000000000000000     
   20.000000000000000     
   20.000000000000092     
   19.999999999999915     
